0.013 0.00599999 0.21625 
0.0128978 0.02 0.217026 
0.013 0.02 0.21625 
0.0128978 0.00599999 0.215473 
0.0128978 0.02 0.215473 
0.0125981 0.02 0.21475 
0.0125981 0.00599999 0.21475 
0.0121213 0.00599999 0.214128 
0.0121213 0.02 0.214128 
0.0115 0.00599999 0.213652 
0.0107764 0.00599999 0.213352 
0.0115 0.02 0.213652 
0.0107764 0.02 0.213352 
0.00999999 0.02 0.21325 
0.00787867 0.00599999 0.214128 
0.00740192 0.00599999 0.21475 
0.00787867 0.02 0.214128 
0.00710222 0.00599999 0.215473 
0.00699999 0.02 0.21625 
0.00699999 0.00599999 0.21625 
0.00710222 0.02 0.217026 
0.00787867 0.02 0.218371 
0.00787867 0.00599999 0.218371 
0.00849999 0.02 0.218848 
0.00922353 0.00599999 0.219148 
0.00922353 0.02 0.219148 
0.00999999 0.00599999 0.21925 
0.0107764 0.02 0.219148 
0.0115 0.00599999 0.218848 
0.0121213 0.02 0.218371 
0.0125981 0.00599999 0.21775 
0.0128978 0.00599999 0.217026 
0.0121213 0.00599999 0.218371 
0.0107764 0.00599999 0.219148 
0.00999999 0.00599999 0.21325 
0.00922353 0.00599999 0.213352 
0.00849999 0.00599999 0.218848 
0.00849999 0.00599999 0.213652 
0.00740192 0.00599999 0.21775 
0.00710222 0.00599999 0.217026 
0.0128978 0.00599999 0.0547764 
0.0128978 0.00599999 0.0532235 
0.0125981 0.02 0.0524999 
0.0121213 0.02 0.0518786 
0.0115 0.00599999 0.0514019 
0.0107764 0.00599999 0.0511022 
0.0115 0.02 0.0514019 
0.00999999 0.00599999 0.051 
0.00999999 0.02 0.051 
0.00922353 0.00599999 0.0511022 
0.00922353 0.02 0.0511022 
0.00787867 0.00599999 0.0518786 
0.00787867 0.02 0.0518786 
0.00710222 0.00599999 0.0532235 
0.00710222 0.00599999 0.0547764 
0.00740192 0.02 0.0554999 
0.00849999 0.00599999 0.056598 
0.00999999 0.00599999 0.0569999 
0.0107764 0.02 0.0568977 
0.0107764 0.00599999 0.0568977 
0.0115 0.00599999 0.056598 
0.0121213 0.00599999 0.0561213 
0.0115 0.02 0.056598 
0.013 0.00599999 0.0539999 
0.0125981 0.00599999 0.0524999 
0.0125981 0.00599999 0.0554999 
0.0121213 0.00599999 0.0518786 
0.00922353 0.00599999 0.0568977 
0.00849999 0.00599999 0.0514019 
0.00787867 0.00599999 0.0561213 
0.00740192 0.00599999 0.0554999 
0.00740192 0.00599999 0.0524999 
0.00699999 0.00599999 0.0539999 
0.00389481 0.0111 0.27 
0.004 0.00999999 0.26975 
0.00375 0.00999999 0.27 
0.00413629 0.00896472 0.26975 
0.00389481 0.00890001 0.27 
0.00453589 0.00799999 0.26975 
0.00431939 0.00787499 0.27 
0.00587499 0.00631939 0.27 
0.00696472 0.00613629 0.26975 
0.00799999 0.00599999 0.26975 
0.00903527 0.00613629 0.26975 
0.00999999 0.00653589 0.26975 
0.0114641 0.00799999 0.26975 
0.0116806 0.00787499 0.27 
0.0118637 0.00896472 0.26975 
0.0121052 0.00890001 0.27 
0.012 0.00999999 0.26975 
0.01225 0.00999999 0.27 
0.0121052 0.0111 0.27 
0.0114641 0.012 0.26975 
0.0108284 0.0128284 0.26975 
0.00999999 0.0134641 0.26975 
0.00903527 0.0138637 0.26975 
0.00799999 0.014 0.26975 
0.00696472 0.0138637 0.26975 
0.00799999 0.01425 0.27 
0.00690001 0.0141052 0.27 
0.00517157 0.0128284 0.26975 
0.00499479 0.0130052 0.27 
0.00453589 0.012 0.26975 
0.00431939 0.012125 0.27 
0.00413629 0.0110353 0.26975 
0.0378948 0.0111 0.27 
0.03775 0.00999999 0.27 
0.0281392 0.0108412 0.27 
0.0278146 0.011625 0.27 
0.0258411 0.0131392 0.27 
0.0409 0.0141052 0.27 
0.0456806 0.012125 0.27 
0.04625 0.00999999 0.27 
0.0456806 0.00787499 0.27 
0.04975 0.002 0.27 
0.044125 0.00631939 0.27 
0.048 0.00025 0.27 
0.0496903 0.00154707 0.27 
0.0492374 0.000762562 0.27 
0.048875 0.000484455 0.27 
0.0409 0.00589481 0.27 
0.039875 0.00631939 0.27 
0.0389948 0.00699479 0.27 
0.0272981 0.0077019 0.27 
0.0278146 0.00837499 0.27 
0.0378948 0.00890001 0.27 
0.025 0.01325 0.27 
0.0241588 0.0131392 0.27 
0.00909997 0.0141052 0.27 
0.010125 0.0136806 0.27 
0.002 0.01975 0.27 
0.001125 0.0195155 0.27 
0.000762562 0.0192374 0.27 
0.00030963 0.0184529 0.27 
0.00025 0.018 0.27 
0.00587499 0.0136806 0.27 
0.00499479 0.00699479 0.27 
0.00690001 0.00589481 0.27 
0.00025 0.002 0.27 
0.00799999 0.00574999 0.27 
0.00909997 0.00589481 0.27 
0.010125 0.00631939 0.27 
0.0110052 0.00699479 0.27 
0.0221854 0.00837499 0.27 
0.0218607 0.00915883 0.27 
0.000484455 0.001125 0.27 
0.002 0.00025 0.27 
0.0241588 0.00686073 0.27 
0.025 0.00674999 0.27 
0.048875 0.0195155 0.27 
0.0484529 0.0196904 0.27 
0.0116806 0.012125 0.27 
0.0110052 0.0130052 0.27 
0.023375 0.0128146 0.27 
0.00413629 0.0110353 0.24625 
0.00413629 0.00896472 0.24625 
0.00453589 0.00799999 0.24625 
0.00517157 0.00717157 0.24625 
0.00517157 0.00717157 0.26975 
0.00599999 0.00653589 0.26975 
0.00599999 0.00653589 0.24625 
0.00696472 0.00613629 0.24625 
0.00799999 0.00599999 0.24625 
0.00903527 0.00613629 0.24625 
0.0114641 0.00799999 0.24625 
0.0108284 0.00717157 0.26975 
0.0118637 0.00896472 0.24625 
0.012 0.00999999 0.24625 
0.0118637 0.0110353 0.24625 
0.0118637 0.0110353 0.26975 
0.0114641 0.012 0.24625 
0.0108284 0.0128284 0.24625 
0.00903527 0.0138637 0.24625 
0.00799999 0.014 0.24625 
0.00696472 0.0138637 0.24625 
0.00599999 0.0134641 0.26975 
0.0383194 0.00787499 0.27 
0.04 0.00653589 0.26975 
0.042 0.00574999 0.27 
0.044 0.00653589 0.26975 
0.0430999 0.00589481 0.27 
0.0450052 0.00699479 0.27 
0.0458637 0.00896472 0.26975 
0.0461051 0.00890001 0.27 
0.0458637 0.0110353 0.26975 
0.0461051 0.0111 0.27 
0.0454641 0.012 0.26975 
0.0450052 0.0130052 0.27 
0.044125 0.0136806 0.27 
0.042 0.014 0.26975 
0.0430999 0.0141052 0.27 
0.0409647 0.0138637 0.26975 
0.042 0.01425 0.27 
0.039875 0.0136806 0.27 
0.04 0.0134641 0.26975 
0.0391715 0.0128284 0.26975 
0.0389948 0.0130052 0.27 
0.0385359 0.012 0.26975 
0.0381363 0.0110353 0.26975 
0.0383194 0.012125 0.27 
0.038 0.00999999 0.26975 
0.0381363 0.00896472 0.26975 
0.0385359 0.00799999 0.24625 
0.0385359 0.00799999 0.26975 
0.0391715 0.00717157 0.24625 
0.0391715 0.00717157 0.26975 
0.04 0.00653589 0.24625 
0.0409647 0.00613629 0.26975 
0.0430352 0.00613629 0.24625 
0.042 0.00599999 0.26975 
0.0430352 0.00613629 0.26975 
0.0448284 0.00717157 0.24625 
0.0448284 0.00717157 0.26975 
0.0454641 0.00799999 0.26975 
0.0458637 0.00896472 0.24625 
0.046 0.00999999 0.24625 
0.046 0.00999999 0.26975 
0.0454641 0.012 0.24625 
0.0448284 0.0128284 0.24625 
0.0448284 0.0128284 0.26975 
0.0430352 0.0138637 0.24625 
0.044 0.0134641 0.26975 
0.0430352 0.0138637 0.26975 
0.04 0.0134641 0.24625 
0.0391715 0.0128284 0.24625 
0.0385359 0.012 0.24625 
0.0221022 0.0107764 0.26975 
0.022 0.00999999 0.26975 
0.02175 0.00999999 0.27 
0.0221022 0.00922353 0.26975 
0.0224019 0.00849999 0.26975 
0.0228787 0.00787867 0.26975 
0.0227019 0.0077019 0.27 
0.023375 0.00718541 0.27 
0.0235 0.00740192 0.26975 
0.0242235 0.00710222 0.26975 
0.025 0.00699999 0.26975 
0.0258411 0.00686073 0.27 
0.0265 0.00740192 0.26975 
0.026625 0.00718541 0.27 
0.0278978 0.00922353 0.26975 
0.0281392 0.00915883 0.27 
0.02825 0.00999999 0.27 
0.0278978 0.0107764 0.26975 
0.027598 0.0115 0.26975 
0.0271213 0.0121213 0.26975 
0.0265 0.0125981 0.26975 
0.0272981 0.0122981 0.27 
0.026625 0.0128146 0.27 
0.0257764 0.0128978 0.26975 
0.025 0.013 0.26975 
0.0242235 0.0128978 0.26975 
0.0227019 0.0122981 0.27 
0.0221854 0.011625 0.27 
0.0218607 0.0108412 0.27 
0.0224019 0.00849999 0.24625 
0.0228787 0.00787867 0.24625 
0.0235 0.00740192 0.24625 
0.025 0.00699999 0.24625 
0.0257764 0.00710222 0.26975 
0.0265 0.00740192 0.24625 
0.027598 0.00849999 0.24625 
0.0271213 0.00787867 0.26975 
0.027598 0.00849999 0.26975 
0.0278978 0.00922353 0.24625 
0.028 0.00999999 0.24625 
0.028 0.00999999 0.26975 
0.0278978 0.0107764 0.24625 
0.0271213 0.0121213 0.24625 
0.0265 0.0125981 0.24625 
0.0242235 0.0128978 0.24625 
0.0235 0.0125981 0.26975 
0.0228787 0.0121213 0.26975 
0.0228787 0.0121213 0.24625 
0.0224019 0.0115 0.26975 
0.048 0.01975 0.27 
-8.04911e-18 0.018 0.26975 
6.81483e-05 0.0185176 0.26975 
0.000484455 0.018875 0.27 
0.000267949 0.019 0.26975 
0.000585786 0.0194142 0.26975 
0.00148236 0.0199318 0.26975 
0.00154707 0.0196904 0.27 
0.00148236 6.81483e-05 0.26975 
0.00154707 0.00030963 0.27 
0.000999999 0.000267949 0.26975 
0.001125 0.000484455 0.27 
0.000267949 0.000999999 0.26975 
0.000762562 0.000762562 0.27 
0.00030963 0.00154707 0.27 
-5.55111e-19 0.002 0.26975 
0.048 0 0.26975 
0.05 0.002 0.26975 
0.0499318 0.00148236 0.26975 
0.049732 0.000999999 0.26975 
0.0495155 0.001125 0.27 
0.0485176 6.81483e-05 0.26975 
0.0484529 0.00030963 0.27 
0.04975 0.018 0.27 
0.0485176 0.0199318 0.26975 
0.0492374 0.0192374 0.27 
0.0495155 0.018875 0.27 
0.0499318 0.0185176 0.26975 
0.05 0.018 0.26975 
0.0496903 0.0184529 0.27 
0.002 0 0.26975 
0.00148236 6.81483e-05 0.00025 
0.000999999 0.000267949 0.00025 
0.000585786 0.000585786 0.00025 
0.000585786 0.000585786 0.26975 
0.000267949 0.000999999 0.00025 
6.81483e-05 0.00148236 0.26975 
-8.04911e-18 0.018 0.00025 
0.000585786 0.0194142 0.00025 
0.000999999 0.019732 0.00025 
0.000999999 0.019732 0.26975 
0.013 0.02 0.0539999 
0.0125981 0.02 0.21775 
0.0115 0.02 0.218848 
0.00999999 0.02 0.21925 
0.002 0.02 0.26975 
0.00740192 0.02 0.21775 
0.00699999 0.02 0.0539999 
0.00710222 0.02 0.215473 
0.00710222 0.02 0.0547764 
0.00740192 0.02 0.21475 
0.00849999 0.02 0.213652 
0.00787867 0.02 0.0561213 
0.00849999 0.02 0.056598 
0.00922353 0.02 0.213352 
0.00922353 0.02 0.0568977 
0.00999999 0.02 0.0569999 
0.0121213 0.02 0.0561213 
0.0125981 0.02 0.0554999 
0.0128978 0.02 0.0547764 
0.002 0.02 0.00025 
0.00710222 0.02 0.0532235 
0.00740192 0.02 0.0524999 
0.00849999 0.02 0.0514019 
0.0107764 0.02 0.0511022 
0.0128978 0.02 0.0532235 
0.048 0.02 0.00025 
0.004 0.00999999 0.24625 
0.00453589 0.012 0.24625 
0.00517157 0.0128284 0.24625 
0.00599999 0.0134641 0.24625 
0.00999999 0.0134641 0.24625 
0.0108284 0.00717157 0.24625 
0.00999999 0.00653589 0.24625 
0.0221022 0.00922353 0.24625 
0.022 0.00999999 0.24625 
0.0221022 0.0107764 0.24625 
0.0224019 0.0115 0.24625 
0.027598 0.0115 0.24625 
0.0235 0.0125981 0.24625 
0.0257764 0.0128978 0.24625 
0.025 0.013 0.24625 
0.0271213 0.00787867 0.24625 
0.0257764 0.00710222 0.24625 
0.0242235 0.00710222 0.24625 
0.038 0.00999999 0.24625 
0.0381363 0.0110353 0.24625 
0.0458637 0.0110353 0.24625 
0.044 0.0134641 0.24625 
0.0409647 0.0138637 0.24625 
0.042 0.014 0.24625 
0.0454641 0.00799999 0.24625 
0.0381363 0.00896472 0.24625 
0.044 0.00653589 0.24625 
0.0409647 0.00613629 0.24625 
0.042 0.00599999 0.24625 
6.81483e-05 0.0185176 0.00025 
0.000484455 0.018875 0 
0.000267949 0.019 0.00025 
0.001125 0.0195155 0 
0.00148236 0.0199318 0.00025 
0.00154707 0.0196904 0 
-5.55111e-19 0.002 0.00025 
0.002 0 0.00025 
0.000762562 0.000762562 0 
0.00030963 0.00154707 0 
6.81483e-05 0.00148236 0.00025 
0.0496903 0.00154707 0 
0.0499318 0.00148236 0.00025 
0.049732 0.000999999 0.00025 
0.0494142 0.000585786 0.00025 
0.049 0.000267949 0.00025 
0.048 0 0.00025 
0.04975 0.002 0 
0.05 0.002 0.00025 
0.048 0.01975 0 
0.049 0.019732 0.00025 
0.0492374 0.0192374 0 
0.0494142 0.0194142 0.00025 
0.0496903 0.0184529 0 
0.0494142 0.000585786 0.26975 
0.049 0.000267949 0.26975 
0.0485176 6.81483e-05 0.00025 
0.048 0.02 0.26975 
0.0485176 0.0199318 0.00025 
0.049 0.019732 0.26975 
0.0494142 0.0194142 0.26975 
0.049732 0.019 0.00025 
0.049732 0.019 0.26975 
0.0499318 0.0185176 0.00025 
0.05 0.018 0.00025 
0.0281392 0.00915883 0 
0.02825 0.00999999 0 
0.0278146 0.00837499 0 
0.0389948 0.00699479 0 
0.026625 0.00718541 0 
0.0409 0.00589481 0 
0.044125 0.00631939 0 
0.0456806 0.00787499 0 
0.0456806 0.012125 0 
0.044125 0.0136806 0 
0.0430999 0.0141052 0 
0.04975 0.018 0 
0.0495155 0.018875 0 
0.048875 0.0195155 0 
0.0484529 0.0196904 0 
0.0409 0.0141052 0 
0.0258411 0.0131392 0 
0.0378948 0.0111 0 
0.00025 0.018 0 
0.00389481 0.0111 0 
0.00431939 0.012125 0 
0.00499479 0.0130052 0 
0.00799999 0.01425 0 
0.0241588 0.0131392 0 
0.0110052 0.0130052 0 
0.0121052 0.0111 0 
0.0218607 0.00915883 0 
0.00389481 0.00890001 0 
0.00025 0.002 0 
0.00587499 0.00631939 0 
0.00690001 0.00589481 0 
0.002 0.00025 0 
0.00799999 0.00574999 0 
0.00909997 0.00589481 0 
0.010125 0.00631939 0 
0.0227019 0.0077019 0 
0.0121052 0.00890001 0 
0.025 0.01325 0 
0.0495155 0.001125 0 
0.0492374 0.000762562 0 
0.048 0.00025 0 
0.048875 0.000484455 0 
0.0484529 0.00030963 0 
0.00154707 0.00030963 0 
0.001125 0.000484455 0 
0.000484455 0.001125 0 
0.002 0.01975 0 
0.00030963 0.0184529 0 
0.000762562 0.0192374 0 
0.038 0.00999999 0.00025 
0.0378948 0.00890001 0 
0.0381363 0.0110353 0.00025 
0.03775 0.00999999 0 
0.0385359 0.012 0.00025 
0.0383194 0.012125 0 
0.0389948 0.0130052 0 
0.04 0.0134641 0.00025 
0.039875 0.0136806 0 
0.042 0.014 0.00025 
0.042 0.01425 0 
0.0430352 0.0138637 0.00025 
0.0448284 0.0128284 0.00025 
0.0450052 0.0130052 0 
0.0454641 0.012 0.00025 
0.0461051 0.0111 0 
0.04625 0.00999999 0 
0.046 0.00999999 0.00025 
0.0461051 0.00890001 0 
0.0454641 0.00799999 0.00025 
0.0448284 0.00717157 0.00025 
0.0450052 0.00699479 0 
0.0430352 0.00613629 0.00025 
0.0430999 0.00589481 0 
0.042 0.00574999 0 
0.0409647 0.00613629 0.00025 
0.04 0.00653589 0.00025 
0.039875 0.00631939 0 
0.0383194 0.00787499 0 
0.0381363 0.00896472 0.024 
0.0391715 0.0128284 0.024 
0.0391715 0.0128284 0.00025 
0.0409647 0.0138637 0.024 
0.0409647 0.0138637 0.00025 
0.0430352 0.0138637 0.024 
0.044 0.0134641 0.024 
0.044 0.0134641 0.00025 
0.0448284 0.0128284 0.024 
0.0458637 0.0110353 0.00025 
0.0458637 0.0110353 0.024 
0.0458637 0.00896472 0.024 
0.0458637 0.00896472 0.00025 
0.0448284 0.00717157 0.024 
0.0430352 0.00613629 0.024 
0.044 0.00653589 0.00025 
0.042 0.00599999 0.024 
0.0409647 0.00613629 0.024 
0.042 0.00599999 0.00025 
0.0391715 0.00717157 0.00025 
0.0385359 0.00799999 0.00025 
0.0381363 0.00896472 0.00025 
0.02175 0.00999999 0 
0.0218607 0.0108412 0 
0.0221854 0.011625 0 
0.0227019 0.0122981 0 
0.023375 0.0128146 0 
0.025 0.013 0.00025 
0.026625 0.0128146 0 
0.0272981 0.0122981 0 
0.027598 0.0115 0.00025 
0.0278146 0.011625 0 
0.0281392 0.0108412 0 
0.0278978 0.00922353 0.00025 
0.027598 0.00849999 0.00025 
0.0271213 0.00787867 0.00025 
0.0272981 0.0077019 0 
0.0265 0.00740192 0.00025 
0.0258411 0.00686073 0 
0.025 0.00674999 0 
0.0242235 0.00710222 0.00025 
0.0241588 0.00686073 0 
0.0235 0.00740192 0.00025 
0.023375 0.00718541 0 
0.0228787 0.00787867 0.00025 
0.0224019 0.00849999 0.00025 
0.0221854 0.00837499 0 
0.0221022 0.00922353 0.00025 
0.0221022 0.00922353 0.024 
0.022 0.00999999 0.00025 
0.0221022 0.0107764 0.00025 
0.0224019 0.0115 0.00025 
0.0228787 0.0121213 0.024 
0.0228787 0.0121213 0.00025 
0.0235 0.0125981 0.00025 
0.0242235 0.0128978 0.024 
0.025 0.013 0.024 
0.0242235 0.0128978 0.00025 
0.0257764 0.0128978 0.024 
0.0257764 0.0128978 0.00025 
0.0265 0.0125981 0.00025 
0.0271213 0.0121213 0.00025 
0.0278978 0.0107764 0.00025 
0.0278978 0.00922353 0.024 
0.028 0.00999999 0.00025 
0.0271213 0.00787867 0.024 
0.0257764 0.00710222 0.024 
0.0257764 0.00710222 0.00025 
0.025 0.00699999 0.024 
0.025 0.00699999 0.00025 
0.0242235 0.00710222 0.024 
0.0228787 0.00787867 0.024 
0.0224019 0.00849999 0.024 
0.00375 0.00999999 0 
0.00599999 0.0134641 0.00025 
0.00587499 0.0136806 0 
0.00690001 0.0141052 0 
0.00903527 0.0138637 0.00025 
0.00909997 0.0141052 0 
0.010125 0.0136806 0 
0.0116806 0.012125 0 
0.012 0.00999999 0.00025 
0.01225 0.00999999 0 
0.0116806 0.00787499 0 
0.0110052 0.00699479 0 
0.00499479 0.00699479 0 
0.00431939 0.00787499 0 
0.00413629 0.00896472 0.024 
0.004 0.00999999 0.024 
0.004 0.00999999 0.00025 
0.00413629 0.0110353 0.00025 
0.00453589 0.012 0.00025 
0.00517157 0.0128284 0.00025 
0.00517157 0.0128284 0.024 
0.00696472 0.0138637 0.00025 
0.00799999 0.014 0.024 
0.00799999 0.014 0.00025 
0.00999999 0.0134641 0.00025 
0.0108284 0.0128284 0.024 
0.0108284 0.0128284 0.00025 
0.0114641 0.012 0.024 
0.0114641 0.012 0.00025 
0.0118637 0.0110353 0.024 
0.0118637 0.0110353 0.00025 
0.0118637 0.00896472 0.024 
0.0118637 0.00896472 0.00025 
0.0114641 0.00799999 0.024 
0.0114641 0.00799999 0.00025 
0.00999999 0.00653589 0.024 
0.0108284 0.00717157 0.00025 
0.00999999 0.00653589 0.00025 
0.00903527 0.00613629 0.00025 
0.00799999 0.00599999 0.00025 
0.00696472 0.00613629 0.00025 
0.00599999 0.00653589 0.024 
0.00599999 0.00653589 0.00025 
0.00517157 0.00717157 0.024 
0.00517157 0.00717157 0.00025 
0.00453589 0.00799999 0.00025 
0.00413629 0.00896472 0.00025 
0.00413629 0.0110353 0.024 
0.012 0.00999999 0.024 
0.00453589 0.00799999 0.024 
0.0108284 0.00717157 0.024 
0.00696472 0.00613629 0.024 
0.00903527 0.00613629 0.024 
0.00799999 0.00599999 0.024 
0.00453589 0.012 0.024 
0.00999999 0.0134641 0.024 
0.00599999 0.0134641 0.024 
0.00696472 0.0138637 0.024 
0.00903527 0.0138637 0.024 
0.0278978 0.0107764 0.024 
0.022 0.00999999 0.024 
0.028 0.00999999 0.024 
0.027598 0.00849999 0.024 
0.0265 0.00740192 0.024 
0.0235 0.00740192 0.024 
0.027598 0.0115 0.024 
0.0221022 0.0107764 0.024 
0.0224019 0.0115 0.024 
0.0271213 0.0121213 0.024 
0.0265 0.0125981 0.024 
0.0235 0.0125981 0.024 
0.0381363 0.0110353 0.024 
0.038 0.00999999 0.024 
0.046 0.00999999 0.024 
0.0385359 0.00799999 0.024 
0.0454641 0.00799999 0.024 
0.0391715 0.00717157 0.024 
0.04 0.00653589 0.024 
0.044 0.00653589 0.024 
0.0454641 0.012 0.024 
0.0385359 0.012 0.024 
0.04 0.0134641 0.024 
0.042 0.014 0.024 
