0.135242 0.135242 -0.135242 0.000000 0.000000 -1.000000
0.135242 -0.135242 -0.135242 0.000000 0.000000 -1.000000
-0.135242 -0.135242 -0.135242 0.000000 0.000000 -1.000000
-0.135242 0.135242 -0.135242 0.000000 0.000000 -1.000000
0.135242 0.135242 0.135242 0.000000 -0.000000 1.000000
-0.135242 0.135242 0.135242 0.000000 -0.000000 1.000000
-0.135242 -0.135242 0.135242 0.000000 -0.000000 1.000000
0.135242 -0.135242 0.135242 0.000000 -0.000000 1.000000
0.135242 0.135242 -0.135242 1.000000 -0.000000 0.000000
0.135242 0.135242 0.135242 1.000000 -0.000000 0.000000
0.135242 -0.135242 0.135242 1.000000 -0.000000 0.000000
0.135242 -0.135242 -0.135242 1.000000 -0.000000 0.000000
0.135242 -0.135242 -0.135242 -0.000000 -1.000000 -0.000000
0.135242 -0.135242 0.135242 -0.000000 -1.000000 -0.000000
-0.135242 -0.135242 0.135242 -0.000000 -1.000000 -0.000000
-0.135242 -0.135242 -0.135242 -0.000000 -1.000000 -0.000000
-0.135242 -0.135242 -0.135242 -1.000000 0.000000 -0.000000
-0.135242 -0.135242 0.135242 -1.000000 0.000000 -0.000000
-0.135242 0.135242 0.135242 -1.000000 0.000000 -0.000000
-0.135242 0.135242 -0.135242 -1.000000 0.000000 -0.000000
0.135242 0.135242 0.135242 0.000000 1.000000 0.000000
0.135242 0.135242 -0.135242 0.000000 1.000000 0.000000
-0.135242 0.135242 -0.135242 0.000000 1.000000 0.000000
-0.135242 0.135242 0.135242 0.000000 1.000000 0.000000
